,unique
0,9289732
1,548869
2,19046410
3,802829
4,1605647
5,9011216
6,606226
7,606230
8,14131232
9,27721763
10,811045
11,1679398
12,213031
13,606250
14,1777710
15,34545710
16,49709108
17,1671222
18,434236
19,33595458
20,21168207
21,35209299
22,37879894
23,52338774
24,614487
25,335963
26,34586718
27,23044192
28,18686049
29,458851
30,729190
31,434287
32,21659760
33,565359
34,434289
35,1622130
36,34259059
37,2523260
38,36380796
39,696446
40,811137
41,8921219
42,49610886
43,22569097
44,26239114
45,51585162
46,34701452
47,37699730
48,614549
49,49717399
50,12656793
51,9281706
52,33145006
53,1589426
54,21512392
55,29237452
56,14131404
57,237772
58,540879
59,21512400
60,3809489
61,34054356
62,9330904
63,647386
64,31563998
65,2523359
66,34152672
67,9076968
68,1720556
69,38527214
70,38691057
71,13811958
72,37535992
73,9281786
74,270595
75,11845891
76,442638
77,26394895
78,598288
79,39297296
80,23970065
81,1597715
82,37044499
83,16507153
84,17129751
85,442651
86,13811999
87,262433
88,38551843
89,23052579
90,729381
91,20504872
92,1646889
93,426282
94,27722026
95,38584621
96,614702
97,33317167
98,1605936
99,745776
100,1597746
101,35930423
102,557367
103,688443
104,16507196
105,9281853
106,631114
107,598347
108,33022286
109,213327
110,606546
111,17113428
112,37159254
113,37298522
114,11829598
115,38740318
116,287072
117,19046753
118,377186
119,30474597
120,18915690
121,21864811
122,49668466
123,1646965
124,696694
125,11870590
126,1679742
127,1581440
128,246146
129,1663364
130,33628551
131,442761
132,622988
133,483728
134,778644
135,328087
136,557464
137,38027673
138,369049
139,639399
140,21660074
141,38027698
142,34054579
143,1753533
144,1573310
145,623038
146,1900993
147,1597891
148,1581508
149,23814596
150,22782404
151,1679817
152,287182
153,1901009
154,827858
155,1655256
156,2515417
157,30474716
158,459232
159,1901025
160,37700064
161,38093285
162,1688043
163,811501
164,557553
165,4325879
166,631287
167,36864507
168,319996
169,1556997
170,524808
171,262667
172,14139919
173,655889
174,53420563
175,33317396
176,21422612
177,320020
178,20562451
179,34259480
180,37200409
181,37347870
182,655905
183,3957284
184,22397476
185,33595947
186,655918
187,27107887
188,30065201
189,36373042
190,33243700
191,2515509
192,2523704
193,27107897
194,18686522
195,254521
196,254526
197,33063487
198,29008447
199,623169
200,21267010
201,21267014
202,30065229
203,574039
204,336471
205,12517977
206,2515548
207,49701471
208,14123617
209,1679974
210,1614448
211,1909366
212,23028342
213,21168762
214,1999483
215,574076
216,443005
217,22397564
218,230016
219,1598083
220,459397
221,811661
222,836246
223,557727
224,18473632
225,21267109
226,287398
227,37397158
228,36790953
229,26583736
230,623294
231,18916037
232,38257351
233,38150859
234,11436752
235,271058
236,484060
237,38167261
238,18916066
239,19047144
240,3826412
241,656109
242,49668851
243,35521272
244,37544705
245,36872969
246,19497737
247,37503755
248,31580940
249,17081102
250,811791
251,37962514
252,1598228
253,8618777
254,38920991
255,39256866
256,37831458
257,31793956
258,31220527
259,31572793
260,713533
261,287554
262,49685316
263,37446469
264,672591
265,23053137
266,688981
267,516949
268,30245731
269,16171881
270,38355823
271,27108207
272,2515827
273,13779834
274,656256
275,26387331
276,222088
277,656267
278,19055501
279,37905298
280,1557396
281,21423005
282,13779869
283,222111
284,287649
285,29778850
286,697251
287,467878
288,26239919
289,26772399
290,38585266
291,35496885
292,37012407
293,4072376
294,639930
295,10314685
296,1631166
297,558015
298,14132159
299,34587582
300,287682
301,1672132
302,345033
303,23970762
304,1606603
305,38470603
306,222157
307,1582031
308,39257040
309,11830228
310,320475
311,38355931
312,1909728
313,631776
314,254944
315,574437
316,246764
317,2524144
318,705527
319,1573889
320,14124037
321,1672198
322,8619014
323,33334281
324,738320
325,14124049
326,779283
327,12518423
328,410648
329,2524185
330,746522
331,1901601
332,33514529
333,37905444
334,1573926
335,279596
336,22397998
337,214063
338,279600
339,1754161
340,37962801
341,31556658
342,31548470
343,1582135
344,1754169
345,2114620
346,37299262
347,26240063
348,16507969
349,1672260
350,38167621
351,38257734
352,18687054
353,689231
354,345166
355,762958
356,32040019
357,214099
358,345172
359,1639513
360,689244
361,36873312
362,34178147
363,762986
364,656492
365,1573997
366,18916461
367,21660788
368,37160054
369,451704
370,1680505
371,49685626
372,19047549
373,23159935
374,1623176
375,812173
376,23815310
377,19498130
378,11871381
379,345241
380,21660831
381,33424545
382,1729703
383,12534956
384,13100208
385,836788
386,1631414
387,13780151
388,31556791
389,49685695
390,12084418
391,17523910
392,722121
393,4302030
394,214224
395,550101
396,836822
397,38167769
398,53372121
399,4334811
400,12518624
401,49480930
402,484581
403,52307174
404,20497641
405,32572651
406,27870446
407,468222
408,255232
409,10626306
410,49480964
411,27837702
412,222472
413,4326666
414,9995543
415,31548696
416,1606940
417,14132513
418,697635
419,2114852
420,656699
421,27182401
422,27837761
423,29009220
424,31548754
425,33031512
426,31548762
427,484699
428,4326748
429,836958
430,3851615
431,14861665
432,17073507
433,1631588
434,836967
435,836971
436,14861678
437,31221103
438,1574256
439,8619374
440,9282927
441,304509
442,1639807
443,501119
444,34735491
445,17073546
446,705932
447,222604
448,812433
449,37651857
450,17081747
451,34366870
452,17073564
453,34547101
454,53216670
455,804255
456,31548828
457,38765982
458,37905828
459,1607082
460,1639850
461,222634
462,23037358
463,11863472
464,20497844
465,1566134
466,2049465
467,9332156
468,828867
469,1639880
470,665033
471,4326858
472,17507784
473,33015245
474,26379726
475,18466254
476,21865937
477,771538
478,11822550
479,16508375
480,11339227
481,1639902
482,36873704
483,1648106
484,468463
485,20522483
486,28239348
487,1582583
488,312827
489,1648124
490,583168
491,33023488
492,34170371
493,1566213
494,34366986
495,39069195
496,36390411
497,34399765
498,370201
499,263713
500,29492773
501,214568
502,8619561
503,34547250
504,214589
505,222783
506,31557189
507,49669703
508,23029321
509,31557201
510,12658265
511,296542
512,1607265
513,4073059
514,1656421
515,222828
516,1640045
517,37160559
518,49669743
519,49571443
520,31762036
521,673407
522,329345
523,38995586
524,14124674
525,370306
526,8775299
527,1664647
528,624268
529,2049680
530,49579665
531,812690
532,34891411
533,4105874
534,837266
535,1910421
536,39265942
537,386715
538,321182
539,34399907
540,29157029
541,34178725
542,34170536
543,34432683
544,34547381
545,321211
546,12158654
547,33990337
548,1681096
549,1623755
550,21784268
551,1582800
552,468690
553,17082071
554,37242591
555,30246625
556,26240742
557,12519147
558,2049773
559,1591040
560,14108422
561,1574663
562,9299719
563,27838217
564,39003913
565,427793
566,35505942
567,517911
568,14108440
569,2049820
570,29173536
571,38151969
572,468773
573,1894185
574,35505962
575,468781
576,38528815
577,2524983
578,1632055
579,632633
580,640825
581,403260
582,4343612
583,37398332
584,49743677
585,23029564
586,403270
587,780102
588,32778062
589,33883984
590,32573265
591,1615699
592,2049875
593,17852248
594,730977
595,23029602
596,1640312
597,19908473
598,21514106
599,37619578
600,354171
601,763771
602,681857
603,427920
604,36308881
605,714647
606,2516888
607,29779864
608,27723677
609,14108573
610,632735
611,427939
612,11823013
613,714662
614,665511
615,38004645
616,23046067
617,33007548
618,837566
619,223170
620,11438023
621,2516936
622,2525129
623,501704
624,722893
625,17082318
626,37832653
627,35555284
628,8619991
629,329689
630,2525147
631,1664996
632,31901669
633,649189
634,22743020
635,231405
636,38258668
637,26372079
638,321520
639,665587
640,29370358
641,8923127
642,428026
643,223228
644,16279549
645,11847678
646,23078914
647,305159
648,22743049
649,1615888
650,17082384
651,49473558
652,20498455
653,288793
654,2525212
655,296989
656,49588256
657,1583141
658,4302892
659,1648686
660,1730614
661,38029373
662,36751422
663,690244
664,1607754
665,17098827
666,690252
667,763984
668,1599574
669,17074263
670,321624
671,223322
672,591966
673,37070942
674,428128
675,575586
676,837735
677,403561
678,223339
679,305260
680,15534190
681,370802
682,11823223
683,534649
684,1599611
685,17074301
686,624767
687,19908735
688,17852549
689,11831429
690,1689733
691,38996108
692,1558676
693,1624213
694,19056789
695,510102
696,1730722
697,411815
698,39233703
699,8620199
700,690346
701,2148524
702,22743216
703,4286640
704,575669
705,4335799
706,38029498
707,17852608
708,35416257
709,14108865
710,15943874
711,698565
712,387271
713,1550539
714,1591500
715,24586450
716,477394
717,805078
718,1640663
719,11831516
720,477405
721,26380515
722,231654
723,33802473
724,49563885
725,11823341
726,14829810
727,1591548
728,837889
729,27846913
730,11823363
731,19908870
732,1575175
733,30345480
734,2025737
735,37275915
736,1698063
737,1640720
738,34171155
739,313621
740,813334
741,34818325
742,36366617
743,215325
744,764191
745,38996259
746,39012646
747,313639
748,49482026
749,36309295
750,1648943
751,33016113
752,38398256
753,9333049
754,215363
755,1616196
756,8923473
757,34400595
758,2525524
759,4122966
760,518493
761,12659041
762,575846
763,9365862
764,2517358
765,53447027
766,1780089
767,36620666
768,739707
769,38685053
770,36465022
771,11831678
772,19057025
773,31304067
774,4073865
775,780689
776,49744276
777,37325206
778,1722775
779,1649048
780,2517409
781,9365921
782,35932580
783,23046564
784,8620454
785,13765032
786,13003183
787,1558961
788,510386
789,16517556
790,2025914
791,38635966
792,764353
793,35932611
794,15534531
795,19909059
796,707019
797,1558990
798,4319694
799,575953
800,829906
801,215505
802,15534549
803,1558999
804,27847135
805,690659
806,38636003
807,34589159
808,313839
809,18713086
810,37882369
811,39086593
812,1559043
813,813573
814,412166
815,215558
816,11831818
817,23816719
818,20523536
819,14125589
820,1657369
821,657946
822,1657371
823,39315993
824,38431265
825,313892
826,4319782
827,37014055
828,1640999
829,461356
830,829997
831,305712
832,35555896
833,1559107
834,4336198
835,1575495
836,330311
837,2026059
838,35048012
839,36719182
840,19057233
841,518751
842,338528
843,649824
844,49687138
845,37775974
846,477800
847,1731183
848,1550961
849,223859
850,30345847
851,32377465
852,37276282
853,3820155
854,37276292
855,1723014
856,1575561
857,223886
858,29158034
859,1632916
860,2026132
861,731811
862,404132
863,707236
864,31574696
865,49744556
866,486064
867,35416754
868,813746
869,1583796
870,15690418
871,666294
872,27724471
873,37276350
874,1567426
875,49662661
876,330440
877,4336329
878,11872969
879,37472969
880,38914762
881,9333456
882,37014229
883,1895127
884,4279009
885,38726384
886,35416817
887,477940
888,34818808
889,1592061
890,576254
891,1583874
892,38030082
893,26561284
894,36367109
895,1551120
896,35556116
897,609048
898,33008411
899,2525981
900,27831069
901,330526
902,240417
903,27831075
904,38742820
905,36719397
906,34163493
907,35515172
908,36801324
909,289581
910,330544
911,805682
912,224050
913,18451250
914,1633079
915,30477111
916,9333562
917,330564
918,52308810
919,4189004
920,34179920
921,37325650
922,363347
923,39013210
924,8923998
925,49589087
926,699234
927,740203
928,813936
929,732019
930,12159866
931,29756284
932,1649532
933,347006
934,29780864
935,23817095
936,1592201
937,560011
938,306066
939,1616792
940,23972770
941,396195
942,23554980
943,12692393
944,23030698
945,33590188
946,35695533
947,37276591
948,39054259
949,330678
950,26373049
951,20523961
952,36391866
953,2517948
954,519097
955,38996927
956,3787712
957,4328389
958,20515785
959,34548682
960,8621003
961,22907852
962,805842
963,4508628
964,36867047
965,32377839
966,26381298
967,2518009
968,478204
969,16280576
970,404483
971,52308999
972,437262
973,1600527
974,420888
975,814107
976,34925596
977,33025052
978,33803294
979,666655
980,134179
981,38841386
982,38521904
983,298035
984,26381369
985,240700
986,26381380
987,17116229
988,35523656
989,9333836
990,11865171
991,36367448
992,511066
993,23030878
994,2526303
995,699488
996,23039071
997,29764710
998,1903718
999,38325352
1000,34163817
1001,380008
1002,32033902
1003,4099190
1004,38505596
1005,363647
1006,560257
1007,502918
1008,502922
1009,502924
1010,2518158
1011,29650064
1012,814228
1013,36121748
1014,38530200
1015,21466266
1016,34819227
1017,8621212
1018,9301146
1019,1567899
1020,9309344
1021,29756577
1022,306338
1023,14740644
1024,9104552
1025,707753
1026,34679985
1027,560308
1028,49761463
1029,232636
1030,15690941
1031,37702847
1032,30477504
1033,34458818
1034,13413571
1035,37104836
1036,240836
1037,707783
1038,34680008
1039,10333390
1040,1920209
1041,34819285
1042,34680023
1043,265434
1044,617691
1045,37129438
1046,1641694
1047,1895648
1048,33033445
1049,2026726
1050,52128997
1051,37326056
1052,49704171
1053,39398644
1054,224502
1055,49663223
1056,11857152
1057,462081
1058,49483008
1059,2518275
1060,404740
1061,347394
1062,347395
1063,52129026
1064,216338
1065,27323668
1066,26381591
1067,9309464
1068,2026776
1069,27725086
1070,15371555
1071,23555363
1072,3894565
1073,1674534
1074,773418
1075,1625387
1076,355628
1077,15945005
1078,232747
1079,38939951
1080,11849009
1081,2518322
1082,27725106
1083,49671473
1084,1723707
1085,462142
1086,396615
1087,37186893
1088,2026834
1089,11832665
1090,33025370
1091,691548
1092,388445
1093,38022495
1094,535909
1095,34172266
1096,437619
1097,38161790
1098,33803651
1099,527748
1100,34155909
1101,306575
1102,1920404
1103,1551766
1104,37883291
1105,658846
1106,23023013
1107,14683565
1108,1732014
1109,273842
1110,1551796
1111,29650358
1112,658875
1113,9317821
1114,32181694
1115,35499453
1116,14118337
1117,14126530
1118,23555523
1119,49704388
1120,224708
1121,4124102
1122,658887
1123,396746
1124,31731146
1125,560588
1126,19967438
1127,4148686
1128,11832784
1129,9334229
1130,1551830
1131,29765083
1132,31550939
1133,36466155
1134,519659
1135,519663
1136,413168
1137,224754
1138,14134772
1139,20508155
1140,519677
1141,503294
1142,36392449
1143,14134790
1144,23973391
1145,642584
1146,26668569
1147,37506588
1148,708125
1149,17092129
1150,626210
1151,388646
1152,1650218
1153,34868780
1154,224823
1155,11832891
1156,33517117
1157,233021
1158,519744
1159,36073026
1160,33025602
1161,17092164
1162,4329029
1163,2027076
1164,17608265
1165,224843
1166,23621201
1167,36892241
1168,49499736
1169,446054
1170,38596198
1171,2027112
1172,30166639
1173,27831919
1174,1633908
1175,14134906
1176,380538
1177,10571392
1178,814722
1179,691844
1180,528006
1181,274055
1182,33017478
1183,39038603
1184,1920655
1185,1617554
1186,708243
1187,528020
1188,33025686
1189,3894938
1190,35417755
1191,33746589
1192,233118
1193,806570
1194,1732266
1195,34655921
1196,716478
1197,2027202
1198,8949442
1199,1584836
1200,831173
1201,23023301
1202,9326280
1203,37269194
1204,19967693
1205,1552077
1206,552655
1207,544470
1208,274141
1209,38506205
1210,27848429
1211,23162605
1212,38334194
1213,34868979
1214,49499894
1215,519931
1216,11857661
1217,225024
1218,37072644
1219,27848453
1220,3895045
1221,18722568
1222,413454
1223,4337424
1224,708369
1225,9326354
1226,4329238
1227,560919
1228,24661786
1229,528155
1230,30478112
1231,1912611
1232,11849519
1233,536371
1234,37867315
1235,35917626
1236,14135098
1237,36917059
1238,585544
1239,36966220
1240,49696591
1241,35409744
1242,2518871
1243,528224
1244,23039843
1245,233315
1246,1724261
1247,27955045
1248,36368231
1249,9408357
1250,380771
1251,470891
1252,446321
1253,38686581
1254,806776
1255,724859
1256,610181
1257,1552261
1258,503692
1259,544656
1260,9334680
1261,626587
1262,3895198
1263,1675166
1264,18722719
1265,2518949
1266,454569
1267,552879
1268,1568689
1269,9318327
1270,31575993
1271,266170
1272,32763836
1273,446400
1274,33746882
1275,1576902
1276,528327
1277,34656204
1278,266192
1279,36155355
1280,4288489
1281,14118893
1282,503791
1283,20508656
1284,37326832
1285,454647
1286,33591288
1287,37621752
1288,27840507
1289,1904647
1290,1634315
1291,26365964
1292,487440
1293,823322
1294,39006234
1295,34820126
1296,708639
1297,29765669
1298,4075563
1299,675884
1300,823340
1301,34820142
1302,37687344
1303,2527283
1304,684084
1305,233529
1306,34459709
1307,37163073
1308,11825221
1309,1560646
1310,28774473
1311,1781833
1312,35647562
1313,10317906
1314,741461
1315,23023705
1316,503898
1317,2519131
1318,258140
1319,29757534
1320,4321375
1321,520289
1322,222343271
1323,14110825
1324,1781876
1325,38391926
1326,503933
1327,487553
1328,1552517
1329,37163143
1330,741511
1331,34164875
1332,708756
1333,4329625
1334,217244
1335,9326749
1336,594079
1337,1896609
1338,14119074
1339,14889123
1340,17477797
1341,8622248
1342,37122219
1343,635058
1344,1618102
1345,217271
1346,31559870
1347,35721407
1348,4313280
1349,274631
1350,4321479
1351,49590476
1352,10670289
1353,471249
1354,32321750
1355,438489
1356,741594
1357,36073692
1358,11825376
1359,2519275
1360,1577214
1361,1724670
1362,29765889
1363,26374402
1364,2519299
1365,1560834
1366,38293765
1367,1560847
1368,1896721
1369,11858195
1370,1552660
1371,32936217
1372,29765919
1373,38375712
1374,23048479
1375,33018149
1376,26390823
1377,31732010
1378,1626420
1379,1913142
1380,1642813
1381,2519363
1382,4305219
1383,2519365
1384,217417
1385,2150730
1386,26849611
1387,4075859
1388,20509016
1389,38605150
1390,33747297
1391,21893477
1392,1913189
1393,528743
1394,1913194
1395,1552746
1396,9335152
1397,1773951
1398,49754499
1399,38285702
1400,34156940
1401,1610128
1402,15544720
1403,37040529
1404,1552791
1405,32379290
1406,31732123
1407,38343066
1408,37163422
1409,3895712
1410,19911076
1411,496039
1412,340395
1413,30478764
1414,27824563
1415,36835765
1416,33026490
1417,2519487
1418,30478784
1419,39358922
1420,20517322
1421,36803021
1422,37171665
1423,266709
1424,1585622
1425,324059
1426,430558
1427,2519522
1428,4338149
1429,39105000
1430,37171691
1431,1896945
1432,23327217
1433,717299
1434,4338167
1435,1602046
1436,717312
1437,17117697
1438,53219846
1439,528907
1440,29233687
1441,1913371
1442,627227
1443,37081630
1444,1724968
1445,52302378
1446,545323
1447,1552939
1448,20525618
1449,30233138
1450,389691
1451,29233728
1452,37900865
1453,20509253
1454,36213322
1455,1667660
1456,20787797
1457,24506967
1458,217691
1459,1602141
1460,430686
1461,520797
1462,17117795
1463,24007268
1464,1667687
1465,35836526
1466,29373040
1467,31289972
1468,529018
1469,807546
1470,36803196
1471,660093
1472,488061
1473,389757
1474,27325056
1475,283265
1476,258689
1477,1684104
1478,1634954
1479,17117835
1480,545420
1481,29373070
1482,217748
1483,594584
1484,27234972
1485,32379549
1486,29651619
1487,11440811
1488,39260843
1489,52343475
1490,27325112
1491,1675964
1492,10621630
1493,1610430
1494,38744767
1495,807620
1496,2519757
1497,36074190
1498,8352465
1499,31552220
1500,1905376
1501,529125
1502,537317
1503,2519783
1504,1659636
1505,38605565
1506,471806
1507,4313854
1508,1561348
1509,463621
1510,49787656
1511,2036489
1512,1659662
1513,34222866
1514,1774355
1515,1725212
1516,1602335
1517,32379682
1518,36360996
1519,1618726
1520,32133928
1521,2511658
1522,553771
1523,1774380
1524,1569580
1525,33698606
1526,17117999
1527,36639536
1528,16208690
1529,30487364
1530,22704966
1531,832326
1532,4289357
1533,13415248
1534,49607506
1535,1684306
1536,807766
1537,1774433
1538,35509091
1539,488296
1540,221975406
1541,49673071
1542,21713784
1543,291707
1544,31552379
1545,209790
1546,1684353
1547,488322
1548,217987
1549,20501380
1550,381829
1551,275335
1552,1799048
1553,22705038
1554,30479248
1555,381841
1556,11834262
1557,1561497
1558,529311
1559,30487470
1560,807855
1561,32322479
1562,553909
1563,16929718
1564,38327221
1565,20526007
1566,38515638
1567,2528186
1568,49714109
1569,562112
1570,49787841
1571,207115210
1572,26670030
1573,1561553
1574,570325
1575,15373274
1576,38147035
1577,2028507
1578,1922014
1579,1561572
1580,709615
1581,52270070
1582,36877311
1583,14119940
1584,33027079
1585,34157578
1586,4297741
1587,1897498
1588,1610779
1589,36869147
1590,14136355
1591,226349
1592,1733678
1593,20509742
1594,29725744
1595,1619003
1596,38474811
1597,2520130
1598,31568964
1599,1700932
1600,39253062
1601,38343753
1602,38433866
1603,38990922
1604,1553482
1605,10622029
1606,20501582
1607,49640527
1608,33027152
1609,701528
1610,1700956
1611,709731
1612,414821
1613,36762733
1614,668784
1615,283761
1616,308336
1617,709744
1618,488566
1619,34157689
1620,2520186
1621,27833466
1622,21116031
1623,38294655
1624,32085121
1625,1913990
1626,603273
1627,480394
1628,51385485
1629,1668240
1630,382096
1631,488594
1632,15537307
1633,33027231
1634,19969184
1635,1897634
1636,38507686
1637,603308
1638,16184492
1639,341166
1640,26399919
1641,37352625
1642,218290
1643,14111924
1644,4322486
1645,9319614
1646,447679
1647,406722
1648,26383555
1649,586949
1650,2512071
1651,9319627
1652,660687
1653,324815
1654,488666
1655,16389341
1656,570589
1657,3896541
1658,1561823
1659,17102049
1660,20198630
1661,652518
1662,1635561
1663,30373098
1664,390377
1665,775412
1666,570614
1667,1635581
1668,36836608
1669,1733900
1670,17085709
1671,283918
1672,36377876
1673,23434518
1674,415000
1675,38335772
1676,23434525
1677,709923
1678,37459240
1679,1561896
1680,4076851
1681,36386100
1682,9303350
1683,11965754
1684,2520380
1685,4076863
1686,26367295
1687,8353087
1688,35738948
1689,1561924
1690,35738950
1691,3896646
1692,53359948
1693,324940
1694,36509009
1695,29775193
1696,1643871
1697,27325793
1698,34157925
1699,52122988
1700,49755513
1701,36918650
1702,4076923
1703,23049593
1704,27841919
1705,11441543
1706,464265
1707,775561
1708,49493387
1709,31241612
1710,505233
1711,734613
1712,52262293
1713,1775004
1714,38557085
1715,29775268
1716,554412
1717,35517871
1718,30627248
1719,1562035
1720,37352887
1721,52336069
1722,39261637
1723,406987
1724,32085456
1725,49493457
1726,28923347
1727,9303509
1728,538072
1729,32380379
1730,1619424
1731,1594849
1732,37074402
1733,1562083
1734,1644004
1735,1775076
1736,480745
1737,29783534
1738,833013
1739,4126199
1740,1586680
1741,579069
1742,11351551
1743,3855875
1744,9336324
1745,9721351
1746,1553934
1747,538128
1748,816657
1749,1619472
1750,1898002
1751,1668624
1752,33027601
1753,816663
1754,1775131
1755,4331042
1756,11851299
1757,488997
1758,464422
1759,9328171
1760,31561259
1761,17118765
1762,11843119
1763,480815
1764,37328435
1765,546357
1766,2029109
1767,29267520
1768,661057
1769,1676865
1770,4298318
1771,36370005
1772,27203157
1773,390744
1774,34657881
1775,1996381
1776,546399
1777,251487
1778,2029153
1779,52246113
1780,13416036
1781,38024807
1782,17094248
1783,13416049
1784,226929
1785,218739
1786,480888
1787,1898111
1788,1898120
1789,23041672
1790,226955
1791,1562267
1792,29873821
1793,35739297
1794,644774
1795,49673897
1796,390827
1797,1668787
1798,17110710
1799,562871
1800,1660601
1801,1726142
1802,17094338
1803,36837061
1804,38295239
1805,227015
1806,32184010
1807,227019
1808,374476
1809,49657549
1810,513738
1811,17266385
1812,9287377
1813,24008403
1814,49567446
1815,49567447
1816,423641
1817,775898
1818,39360221
1819,13416158
1820,628445
1821,35739360
1822,628449
1823,292582
1824,34174695
1825,218857
1826,1775340
1827,1595130
1828,382715
1829,349948
1830,407294
1831,15537918
1832,38401791
1833,49739521
1834,27834114
1835,36378378
1836,349963
1837,292620
1838,653069
1839,1734414
1840,1595158
1841,26842908
1842,1775395
1843,36378403
1844,431915
1845,825131
1846,11851572
1847,35526453
1848,14096180
1849,1636154
1850,1775419
1851,1554234
1852,29767485
1853,227133
1854,33625921
1855,718664
1856,1775434
1857,23967567
1858,554832
1859,399185
1860,14096217
1861,38516570
1862,3856219
1863,33027941
1864,17110888
1865,620393
1866,17086316
1867,513900
1868,1587055
1869,399229
1870,448389
1871,38352779
1872,23967631
1873,20518806
1874,32323482
1875,23345051
1876,38295451
1877,2520998
1878,341926
1879,1685416
1880,702378
1881,20502445
1882,11827122
1883,38688693
1884,1898426
1885,37279678
1886,15538112
1887,36370369
1888,36435912
1889,317385
1890,14120907
1891,587724
1892,52254673
1893,14112725
1894,36386775
1895,1562583
1896,15538140
1897,35928032
1898,35928034
1899,825319
1900,1554407
1901,514028
1902,31561710
1903,1677296
1904,227314
1905,1677300
1906,34002937
1907,456703
1908,464896
1909,3897345
1910,1554436
1911,33429509
1912,219147
1913,587793
1914,37165073
1915,727060
1916,1562646
1917,27834391
1918,587799
1919,30373912
1920,808986
1921,317466
1922,555036
1923,33093668
1924,1775655
1925,415784
1926,407606
1927,9295929
1928,49502268
1929,251967
1930,27326529
1931,9336903
1932,34658375
1933,27990089
1934,276554
1935,399435
1936,31676489
1937,514121
1938,35518541
1939,33347672
1940,383064
1941,35502172
1942,37648483
1943,17111148
1944,809070
1945,4339824
1946,31561842
1947,16513139
1948,27326581
1949,9869430
1950,31553660
1951,21518462
1952,1759366
1953,14129287
1954,26368137
1955,33593484
1956,1726606
1957,219278
1958,1628304
1959,31676560
1960,14137487
1961,35903630
1962,36075668
1963,383123
1964,276631
1965,415909
1966,383145
1967,653482
1968,653483
1969,34158764
1970,219310
1971,37271728
1972,38434996
1973,15775925
1974,211136
1975,4339905
1976,20322498
1977,24721602
1978,10623172
1979,596168
1980,38926539
1981,276686
1982,260304
1983,1898712
1984,1669337
1985,1693918
1986,37673183
1987,653537
1988,9722088
1989,506089
1990,9320693
1991,1775866
1992,702717
1993,23967997
1994,29038859
1995,15694091
1996,1718553
1997,36796711
1998,817449
1999,276781
2000,555312
2001,219117879
2002,26392897
2003,4020545
2004,33061187
2005,1644869
2006,29768006
2007,407881
2008,653645
2009,432462
2010,37796174
2011,11827536
2012,227668
2013,11336023
2014,350552
2015,37976413
2016,20502878
2017,37099871
2018,1677680
2019,32954738
2020,36706677
2021,579957
2022,1644919
2023,1653110
2024,14121333
2025,833916
2026,17758589
2027,30202240
2028,35928450
2029,26384779
2030,37976461
2031,9320848
2032,37165457
2033,1644947
2034,604568
2035,776602
2036,579997
2037,3897758
2038,833951
2039,37263780
2040,4077989
2041,21338545
2042,8919479
2043,11827640
2044,227768
2045,522682
2046,1931714
2047,38812101
2048,604615
2049,22567368
2050,719304
2051,8919501
2052,33094095
2053,4291025
2054,49494490
2055,27105765
2056,36895207
2057,16185835
2058,1669616
2059,1759729
2060,36362747
2061,36379134
2062,49592833
2063,424450
2064,37288452
2065,596484
2066,32381446
2067,33094150
2068,301578
2069,1899024
2070,686609
2071,11868691
2072,211476
2073,15538710
2074,326171
2075,52255261
2076,227872
2077,39328291
2078,18725416
2079,38738477
2080,38009390
2081,1554991
2082,53369396
2083,30202423
2084,21707319
2085,34159159
2086,23026239
2087,36895298
2088,555589
2089,219724
2090,1555022
2091,26999375
2092,36903504
2093,555601
2094,14129750
2095,1571415
2096,31677017
2097,432730
2098,326235
2099,26384988
2100,36903521
2101,514661
2102,32324198
2103,39025258
2104,1645164
2105,1735277
2106,36387436
2107,19503725
2108,1661559
2109,1776248
2110,10623616
2111,20494976
2112,20494978
2113,318092
2114,49478286
2115,30300822
2116,457372
2117,481951
2118,514725
2119,637610
2120,31562413
2121,37796526
2122,37083821
2123,214989488
2124,56933041
2125,23640757
2126,4332214
2127,4291253
2128,629430
2129,1555128
2130,22567612
2131,219841
2132,1587906
2133,21338825
2134,1555147
2135,703186
2136,1628883
2137,744150
2138,49642198
2139,482011
2140,11967198
2141,37395167
2142,38345443
2143,4078309
2144,1555174
2145,8919789
2146,219888
2147,31677173
2148,20503294
2149,15538942
2150,39361282
2151,1620739
2152,703236
2153,236291
2154,4332294
2155,37673738
2156,14129934
2157,334609
2158,35519254
2159,441122
2160,34495270
2161,482092
2162,351026
2163,727863
2164,39082808
2165,36789051
2166,318268
2167,32357184
2168,27327297
2169,1563457
2170,9296705
2171,4324165
2172,38148937
2173,2513747
2174,19045204
2175,23051098
2176,727902
2177,37436256
2178,2161508
2179,34659175
2180,727923
2181,36969332
2182,35502969
2183,1637244
2184,1727358
2185,1686400
2186,695170
2187,31570823
2188,228237
2189,39082895
2190,1612690
2191,17079187
2192,36879250
2193,33332120
2194,474009
2195,29006746
2196,220056
2197,22911899
2198,654236
2199,13777822
2200,37895072
2201,1604512
2202,38607776
2203,29784995
2204,11836328
2205,277418
2206,1727422
2207,34364351
2208,213982147
2209,1907656
2210,30628816
2211,678867
2212,14113755
2213,39025636
2214,36879338
2215,39107571
2216,32324606
2217,654335
2218,392202
2219,1604622
2220,1571856
2221,36650004
2222,719893
2223,37542940
2224,220196
2225,27745318
2226,826418
2227,1670203
2228,12688444
2229,4324415
2230,29236289
2231,629826
2232,695363
2233,695364
2234,26238021
2235,351303
2236,37747790
2237,826447
2238,834639
2239,351327
2240,826465
2241,777319
2242,1555564
2243,392300
2244,523375
2245,269424
2246,408691
2247,670839
2248,834680
2249,27851898
2250,26786939
2251,20503675
2252,2522237
2253,1899643
2254,1670269
2255,31562876
2256,1604744
2257,228495
2258,37477521
2259,703635
2260,38878356
2261,14122131
2262,17087638
2263,38304919
2264,13130904
2265,482464
2266,20495521
2267,29007010
2268,1637538
2269,482467
2270,1694885
2271,834728
2272,728235
2273,23968940
2274,457904
2275,1776818
2276,37477554
2277,24460477
2278,1645761
2279,351432
2280,1678536
2281,1678537
2282,35740876
2283,1555661
2284,36379855
2285,1629392
2286,31734993
2287,1694932
2288,49487062
2289,37690585
2290,1686752
2291,36650215
2292,12901610
2293,9297131
2294,261356
2295,34151661
2296,802044
2297,1621244
2298,37690622
2299,52124930
2300,38591750
2301,1588487
2302,212232
2303,1613068
2304,4324627
2305,1563925
2306,220438
2307,19045660
2308,695580
2309,236835
2310,218832166
2311,2522409
2312,14130473
2313,33332525
2314,572723
2315,1613108
2316,38993204
2317,482616
2318,1645887
2319,26770753
2320,19045697
2321,38673734
2322,1572176
2323,826708
2324,13016408
2325,392536
2326,20749659
2327,1908061
2328,11828575
2329,38165863
2330,810351
2331,1908080
2332,36478322
2333,36478324
2334,220534
2335,2514300
2336,531838
2337,9338240
2338,458116
2339,49569163
2340,695697
2341,11853201
2342,23641493
2343,2514326
2344,26770843
2345,35929503
2346,36871586
2347,8396195
2348,1899945
2349,34176431
2350,392626
2351,20503987
2352,36363700
2353,49733045
2354,38526388
2355,687543
2356,9297338
2357,228795
2358,35503547
2359,4333003
2360,30629329
2361,33062354
2362,261585
2363,213810649
2364,9338329
2365,22552027
2366,269788
2367,21511645
2368,376285
2369,26238436
2370,22740453
2371,1613292
2372,30907898
2373,38329851
2374,11959807
2375,37297663
2376,441857
2377,4324867
2378,12901898
2379,7921173
2380,540190
2381,11828767
2382,26238496
2383,30907934
2384,31579681
2385,802349
2386,26377776
2387,351793
2388,1769026
2389,11959886
2390,482902
2391,1597021
2392,1777246
2393,49495646
2394,573030
2395,27008620
2396,26394220
2397,392813
2398,1556081
2399,30244467
2400,21659261
2401,1629821
2402,605823
2403,37011076
2404,29769352
2405,1597066
2406,36863627
2407,736909
2408,38542990
2409,736911
2410,23879320
2411,1629855
2412,27000483
2413,655012
2414,1629861
2415,4292270
2416,18710192
2417,36822709
2418,29900477
2419,49766079
2420,392898
2421,1777347
2422,1720004
2423,696004
2424,30301900
2425,278224
2426,30301908
2427,556760
2428,1605337
2429,16162523
2430,26386139
2431,622304
2432,1638114
2433,17129186
2434,229093
2435,26369776
2436,540402
2437,36871926
2438,1908470
2439,1687291
2440,835326
2441,2522882
2442,19046146
2443,573197
2444,37396242
2445,21266197
2446,8920855
2447,1777435
2448,49782568
2449,36814632
2450,540459
2451,37470001
2452,36880179
2453,23076664
2454,30302008
2455,12517178
2456,220992
2457,302919
2458,1621831
2459,20520780
2460,11829070
2461,53272398
2462,16506704
2463,483154
2464,827219
2465,393050
2466,1728350
2467,49725287
2468,8920939
2469,34365292
2470,1621877
2471,12517243
2472,26771325
2473,442237
2474,37289857
2475,22912902
2476,33030022
2477,36077458
2478,458642
2479,39165844
2480,37527451
2481,21266332
2482,4300701
2483,38551455
2484,23052193
2485,442274
2486,614306
2487,37978018
2488,802738
2489,21168055
2490,33013701
2491,215998405
2492,30474185
2493,1597387
2494,253908
2495,36888534
2496,29007831
2497,11829209
2498,29237212
2499,4071388
2500,434141
2501,606173
2502,33136611
2503,524266
2504,589806
2505,442352
2506,696305
2507,10625010
2508,1556465
2509,1556468
2510,4325362
2511,802806
2512,8126458
2513,17088507
2514,1622012
2515,352253
2516,1908735
